[gd_scene load_steps=94 format=3 uid="uid://cupp1qla36fk3"]

[sub_resource type="SphereShape3D" id="SphereShape3D_y58p4"]
radius = 0.152766

[sub_resource type="CapsuleShape3D" id="CapsuleShape3D_b4805"]
radius = 0.111621
height = 0.223241

[sub_resource type="CapsuleShape3D" id="CapsuleShape3D_u568b"]
radius = 0.179645
height = 0.359327

[sub_resource type="CapsuleShape3D" id="CapsuleShape3D_qmbql"]
radius = 0.104946
height = 0.234896

[sub_resource type="CapsuleShape3D" id="CapsuleShape3D_i3202"]
radius = 0.0277341
height = 0.0680372

[sub_resource type="SphereShape3D" id="SphereShape3D_0hnkl"]
radius = 0.140965

[sub_resource type="CapsuleShape3D" id="CapsuleShape3D_lotmf"]
radius = 8.25728e-17
height = 8.25728e-16

[sub_resource type="CapsuleShape3D" id="CapsuleShape3D_1frm6"]
radius = 0.114944
height = 0.247662

[sub_resource type="CapsuleShape3D" id="CapsuleShape3D_iklhu"]
radius = 1.48721e-09
height = 1.48721e-08

[sub_resource type="CapsuleShape3D" id="CapsuleShape3D_gabh2"]
radius = 1.32977e-09
height = 1.32977e-08

[sub_resource type="CapsuleShape3D" id="CapsuleShape3D_osim7"]
radius = 2.10734e-09
height = 2.10734e-08

[sub_resource type="CapsuleShape3D" id="CapsuleShape3D_bdodu"]
radius = 5.17534e-09
height = 5.17534e-08

[sub_resource type="CapsuleShape3D" id="CapsuleShape3D_y2hv4"]
radius = 3.97086e-09
height = 3.97086e-08

[sub_resource type="CapsuleShape3D" id="CapsuleShape3D_r3p8w"]
radius = 3.78168e-09
height = 3.78168e-08

[sub_resource type="CapsuleShape3D" id="CapsuleShape3D_mvo5w"]
radius = 0.07
height = 0.5

[sub_resource type="CapsuleShape3D" id="CapsuleShape3D_bc1im"]
radius = 0.0491013
height = 0.491013

[sub_resource type="BoxShape3D" id="BoxShape3D_y58p4"]
size = Vector3(0.140854, 0.290161, 0.126465)

[sub_resource type="CapsuleShape3D" id="CapsuleShape3D_wdjcx"]
radius = 3.9729e-10
height = 3.9729e-09

[sub_resource type="SphereShape3D" id="SphereShape3D_b4805"]
radius = 0.0881838

[sub_resource type="CapsuleShape3D" id="CapsuleShape3D_ojc03"]
radius = 2.23254e-09
height = 2.23254e-08

[sub_resource type="CapsuleShape3D" id="CapsuleShape3D_3nm71"]
radius = 4.09371e-09
height = 4.09371e-08

[sub_resource type="CapsuleShape3D" id="CapsuleShape3D_ky35v"]
radius = 0.07
height = 0.5

[sub_resource type="CapsuleShape3D" id="CapsuleShape3D_ud16k"]
radius = 0.0491013
height = 0.491013

[sub_resource type="CapsuleShape3D" id="CapsuleShape3D_20jk3"]
radius = 3.73168e-09
height = 3.73168e-08

[sub_resource type="CapsuleShape3D" id="CapsuleShape3D_dqgx4"]
radius = 2.47695e-09
height = 2.47695e-08

[sub_resource type="CapsuleShape3D" id="CapsuleShape3D_h7w6f"]
radius = 2.17632e-09
height = 2.17632e-08

[sub_resource type="CapsuleShape3D" id="CapsuleShape3D_18fw0"]
radius = 1.19965e-08
height = 1.19965e-07

[sub_resource type="CapsuleShape3D" id="CapsuleShape3D_bmnag"]
radius = 6.47537e-09
height = 6.47537e-08

[sub_resource type="CapsuleShape3D" id="CapsuleShape3D_wk8da"]
radius = 0.0538599
height = 0.252553

[sub_resource type="CapsuleShape3D" id="CapsuleShape3D_io1n3"]
radius = 0.0382161
height = 0.252553

[sub_resource type="CapsuleShape3D" id="CapsuleShape3D_cu4mw"]
radius = 0.045996
height = 0.245507

[sub_resource type="CapsuleShape3D" id="CapsuleShape3D_5c830"]
radius = 0.0378886
height = 0.245507

[sub_resource type="CapsuleShape3D" id="CapsuleShape3D_feb6y"]
radius = 0.0129246
height = 0.129246

[sub_resource type="CapsuleShape3D" id="CapsuleShape3D_aag1j"]
radius = 1.63235e-09
height = 1.63235e-08

[sub_resource type="CapsuleShape3D" id="CapsuleShape3D_oo71j"]
radius = 1.28864e-08
height = 1.28864e-07

[sub_resource type="CapsuleShape3D" id="CapsuleShape3D_5btx3"]
radius = 0.0455779
height = 0.252553

[sub_resource type="CapsuleShape3D" id="CapsuleShape3D_3avtr"]
radius = 0.0399734
height = 0.252553

[sub_resource type="CapsuleShape3D" id="CapsuleShape3D_eh4wu"]
radius = 0.0416958
height = 0.245507

[sub_resource type="CapsuleShape3D" id="CapsuleShape3D_oqvc5"]
radius = 0.0429634
height = 0.245507

[sub_resource type="CapsuleShape3D" id="CapsuleShape3D_n2uxu"]
radius = 0.0129246
height = 0.129246

[sub_resource type="CapsuleShape3D" id="CapsuleShape3D_1n7b8"]
radius = 2.98169e-09
height = 2.98169e-08

[sub_resource type="CapsuleShape3D" id="CapsuleShape3D_0m1gm"]
radius = 1.48721e-09
height = 1.48721e-08

[sub_resource type="CapsuleShape3D" id="CapsuleShape3D_gdc1e"]
radius = 4.01306e-09
height = 4.01306e-08

[sub_resource type="CapsuleShape3D" id="CapsuleShape3D_scf1x"]
radius = 3.37636e-09
height = 3.37636e-08

[sub_resource type="CapsuleShape3D" id="CapsuleShape3D_hlb77"]
radius = 1.67262e-11
height = 1.67262e-10

[sub_resource type="CapsuleShape3D" id="CapsuleShape3D_2fhoc"]
radius = 0.00680373
height = 0.0680373

[sub_resource type="CapsuleShape3D" id="CapsuleShape3D_wg21e"]
radius = 0.00541065
height = 0.0541065

[sub_resource type="CapsuleShape3D" id="CapsuleShape3D_q7nim"]
radius = 1.19532e-08
height = 1.19532e-07

[sub_resource type="CapsuleShape3D" id="CapsuleShape3D_3i73c"]
radius = 0.0591077
height = 0.121302

[sub_resource type="CapsuleShape3D" id="CapsuleShape3D_rdhnb"]
radius = 9.58276e-10
height = 9.58276e-09

[sub_resource type="CapsuleShape3D" id="CapsuleShape3D_w38i4"]
radius = 0.00680372
height = 0.0680372

[sub_resource type="CapsuleShape3D" id="CapsuleShape3D_a72ga"]
radius = 9.68038e-09
height = 9.68038e-08

[sub_resource type="CapsuleShape3D" id="CapsuleShape3D_43rev"]
radius = 5.64683e-09
height = 5.64683e-08

[sub_resource type="CapsuleShape3D" id="CapsuleShape3D_wh50g"]
radius = 0.0457521
height = 0.159021

[sub_resource type="CapsuleShape3D" id="CapsuleShape3D_ucj2v"]
radius = 0.076898
height = 0.255236

[sub_resource type="CapsuleShape3D" id="CapsuleShape3D_eg7hj"]
radius = 0.0607489
height = 0.301395

[sub_resource type="CapsuleShape3D" id="CapsuleShape3D_x02ie"]
radius = 0.047554
height = 0.472918

[sub_resource type="CapsuleShape3D" id="CapsuleShape3D_svkbj"]
radius = 1.34721e-08
height = 1.34721e-07

[sub_resource type="CapsuleShape3D" id="CapsuleShape3D_gtjiv"]
radius = 1.40045e-08
height = 1.40045e-07

[sub_resource type="SphereShape3D" id="SphereShape3D_u568b"]
radius = 0.0694427

[sub_resource type="CapsuleShape3D" id="CapsuleShape3D_8nfr6"]
radius = 9.50785e-09
height = 9.50785e-08

[sub_resource type="CapsuleShape3D" id="CapsuleShape3D_2tqu2"]
radius = 9.44768e-09
height = 9.44768e-08

[sub_resource type="CapsuleShape3D" id="CapsuleShape3D_cve77"]
radius = 1.18165e-08
height = 1.18165e-07

[sub_resource type="CapsuleShape3D" id="CapsuleShape3D_7o8g2"]
radius = 4.51897e-09
height = 4.51897e-08

[sub_resource type="CapsuleShape3D" id="CapsuleShape3D_c5w32"]
radius = 0.0276575
height = 0.150698

[sub_resource type="CapsuleShape3D" id="CapsuleShape3D_6gcb4"]
radius = 0.0150698
height = 0.150698

[sub_resource type="CapsuleShape3D" id="CapsuleShape3D_7ou3s"]
radius = 0.0147862
height = 0.147862

[sub_resource type="CapsuleShape3D" id="CapsuleShape3D_i2ttw"]
radius = 0.0147862
height = 0.147862

[sub_resource type="CapsuleShape3D" id="CapsuleShape3D_enqtu"]
radius = 0.0449031
height = 0.301395

[sub_resource type="CapsuleShape3D" id="CapsuleShape3D_4gpqv"]
radius = 0.0586584
height = 0.481127

[sub_resource type="CapsuleShape3D" id="CapsuleShape3D_xx82q"]
radius = 1.30842e-08
height = 1.30842e-07

[sub_resource type="CapsuleShape3D" id="CapsuleShape3D_g4ipp"]
radius = 1.36019e-08
height = 1.36019e-07

[sub_resource type="SphereShape3D" id="SphereShape3D_qmbql"]
radius = 0.0605914

[sub_resource type="CapsuleShape3D" id="CapsuleShape3D_ljfy5"]
radius = 2.01608e-08
height = 2.01608e-07

[sub_resource type="CapsuleShape3D" id="CapsuleShape3D_g2we6"]
radius = 1.07569e-08
height = 1.07569e-07

[sub_resource type="CapsuleShape3D" id="CapsuleShape3D_dk1s6"]
radius = 1.18199e-08
height = 1.18199e-07

[sub_resource type="CapsuleShape3D" id="CapsuleShape3D_52dp8"]
radius = 6.24588e-09
height = 6.24588e-08

[sub_resource type="CapsuleShape3D" id="CapsuleShape3D_6owo5"]
radius = 0.0432453
height = 0.150698

[sub_resource type="CapsuleShape3D" id="CapsuleShape3D_1crkm"]
radius = 0.0150698
height = 0.150698

[sub_resource type="CapsuleShape3D" id="CapsuleShape3D_lskl3"]
radius = 0.0147862
height = 0.147862

[sub_resource type="CapsuleShape3D" id="CapsuleShape3D_08dmp"]
radius = 0.0397834
height = 0.147862

[sub_resource type="CapsuleShape3D" id="CapsuleShape3D_soxpx"]
radius = 4.6332e-09
height = 4.6332e-08

[sub_resource type="CapsuleShape3D" id="CapsuleShape3D_ixd04"]
radius = 4.58502e-09
height = 4.58502e-08

[sub_resource type="CapsuleShape3D" id="CapsuleShape3D_lqtyi"]
radius = 0.008
height = 0.08

[sub_resource type="CapsuleShape3D" id="CapsuleShape3D_4vmq7"]
radius = 0.004
height = 0.04

[sub_resource type="CapsuleShape3D" id="CapsuleShape3D_8haop"]
radius = 0.0402926
height = 0.140312

[sub_resource type="CapsuleShape3D" id="CapsuleShape3D_h7aoo"]
radius = 0.0129246
height = 0.129246

[sub_resource type="CapsuleShape3D" id="CapsuleShape3D_0fj8a"]
radius = 3.37266e-10
height = 3.37266e-09

[sub_resource type="CapsuleShape3D" id="CapsuleShape3D_n3jyj"]
radius = 0.008
height = 0.08

[sub_resource type="CapsuleShape3D" id="CapsuleShape3D_d7jbd"]
radius = 0.004
height = 0.04

[sub_resource type="CapsuleShape3D" id="CapsuleShape3D_n11vv"]
radius = 0.041517
height = 0.140312

[sub_resource type="CapsuleShape3D" id="CapsuleShape3D_a2ahf"]
radius = 0.0129246
height = 0.129246

[sub_resource type="CapsuleShape3D" id="CapsuleShape3D_rilym"]
radius = 8.31371e-10
height = 8.31371e-09

[node name="PhysicalBoneSimulator3D" type="PhysicalBoneSimulator3D"]
transform = Transform3D(-1, 0, -1.50996e-07, 0, 1, 0, 1.50996e-07, 0, -1, 0, 0, 0)

[node name="Physical Bone DEF-spine" type="PhysicalBone3D" parent="."]
transform = Transform3D(1, 7.73025e-08, -3.27383e-07, -2.97721e-07, -0.249638, -0.968339, -1.56582e-07, 0.968339, -0.249638, -4.88758e-06, 1.0836, -0.0522381)
collision_layer = 8
collision_mask = 8
joint_type = 1
joint_offset = Transform3D(1, 0, 0, 0, 1, 0, 0, 0, 1, 4.91537e-06, 9.84107e-06, 0.0761068)
body_offset = Transform3D(1, -1.49009e-08, -3.65078e-07, -3.65078e-07, 7.00355e-07, -1, 1.49012e-08, 1, 7.00355e-07, -4.88758e-06, 0.0761068, -9.89437e-06)
bone_name = "DEF-spine"
joint_constraints/bias = 0.3
joint_constraints/damping = 1.0
joint_constraints/impulse_clamp = 0.0

[node name="CollisionShape3D" type="CollisionShape3D" parent="Physical Bone DEF-spine"]
transform = Transform3D(1, 0, 0, 0, 0, 1, 0, -1, 0, 0, 0, 0)
shape = SubResource("SphereShape3D_y58p4")
debug_color = Color(1, 0.501961, 0, 0.419608)

[node name="Physical Bone DEF-spine_001" type="PhysicalBone3D" parent="."]
transform = Transform3D(1, -3.1097e-07, -4.46296e-07, -5.06935e-07, -0.235294, -0.971924, 1.97229e-07, 0.971924, -0.235294, -2.14577e-06, 1.22509, -0.0168123)
collision_layer = 8
collision_mask = 8
joint_type = 1
joint_offset = Transform3D(1, 0, 0, 0, 1, 0, 0, 0, 1, 2.18059e-06, -2.86934e-06, 0.0697543)
body_offset = Transform3D(1, -1.8626e-07, -4.99171e-07, -4.99171e-07, 1.19209e-07, -1, 1.8626e-07, 1, 1.19209e-07, -2.14577e-06, 0.0697542, 2.86102e-06)
bone_name = "DEF-spine.001"
joint_constraints/bias = 0.3
joint_constraints/damping = 1.0
joint_constraints/impulse_clamp = 0.0

[node name="CollisionShape3D" type="CollisionShape3D" parent="Physical Bone DEF-spine_001"]
transform = Transform3D(1, 0, 0, 0, 0, 1, 0, -1, 0, 0, 0, 0)
shape = SubResource("CapsuleShape3D_b4805")
disabled = true
debug_color = Color(1, 0.501961, 0, 0.419608)

[node name="Physical Bone DEF-spine_002" type="PhysicalBone3D" parent="."]
transform = Transform3D(1, -3.09117e-07, -2.21096e-07, -2.11149e-07, 0.0318147, -0.999494, 3.15994e-07, 0.999494, 0.0318147, 1.66893e-06, 1.37928, -0.00316536)
collision_layer = 8
collision_mask = 8
joint_type = 1
joint_offset = Transform3D(1, 0, 0, 0, 1, 0, 0, 0, 1, -1.65219e-06, 1.53432e-05, 0.0864266)
body_offset = Transform3D(1, -1.41561e-07, -1.93704e-07, -1.93704e-07, 4.02331e-07, -1, 1.41561e-07, 1, 4.02331e-07, 1.66893e-06, 0.0864266, -1.5378e-05)
bone_name = "DEF-spine.002"
joint_constraints/bias = 0.3
joint_constraints/damping = 1.0
joint_constraints/impulse_clamp = 0.0

[node name="CollisionShape3D" type="CollisionShape3D" parent="Physical Bone DEF-spine_002"]
transform = Transform3D(1, 0, 0, 0, 0, 1, 0, -1, 0, 0, 0, 0)
shape = SubResource("CapsuleShape3D_u568b")
debug_color = Color(1, 0.501961, 0, 0.419608)

[node name="Physical Bone DEF-spine_003" type="PhysicalBone3D" parent="."]
transform = Transform3D(1, -5.3833e-07, -1.91166e-06, -1.89551e-06, 0.0285639, -0.999592, 5.92715e-07, 0.999592, 0.0285639, -8.58307e-06, 1.56194, -0.00866616)
collision_layer = 8
collision_mask = 8
joint_type = 1
joint_offset = Transform3D(1, 0, 0, 0, 1, 0, 0, 0, 1, 8.76671e-06, 1.55156e-05, 0.0962764)
body_offset = Transform3D(1, -3.87395e-07, -1.90735e-06, -1.90735e-06, 2.28547e-06, -1, 3.874e-07, 1, 2.28547e-06, -8.58307e-06, 0.0962764, -1.57356e-05)
bone_name = "DEF-spine.003"
joint_constraints/bias = 0.3
joint_constraints/damping = 1.0
joint_constraints/impulse_clamp = 0.0

[node name="CollisionShape3D" type="CollisionShape3D" parent="Physical Bone DEF-spine_003"]
transform = Transform3D(1, 0, 0, 0, 0, 1, 0, -1, 0, 0, 0, 0)
shape = SubResource("CapsuleShape3D_qmbql")
debug_color = Color(1, 0.501961, 0, 0.419608)

[node name="Physical Bone DEF-spine_004" type="PhysicalBone3D" parent="."]
transform = Transform3D(1, 1.55525e-06, 2.22772e-07, 1.51787e-06, -0.919736, -0.392537, -4.05603e-07, 0.392537, -0.919736, 1.26362e-05, 1.67159, 0.0198781)
collision_layer = 8
collision_mask = 8
joint_type = 1
joint_offset = Transform3D(1, 0, 0, 0, 1, 0, 0, 0, 1, -1.26413e-05, 3.52423e-05, 0.0340239)
body_offset = Transform3D(1, 1.61305e-06, 1.49014e-07, 1.49012e-07, 1.2815e-06, -1, -1.61305e-06, 1, 1.2815e-06, 1.26362e-05, 0.0340239, -3.52859e-05)
bone_name = "DEF-spine.004"
joint_constraints/bias = 0.3
joint_constraints/damping = 1.0
joint_constraints/impulse_clamp = 0.0

[node name="CollisionShape3D" type="CollisionShape3D" parent="Physical Bone DEF-spine_004"]
transform = Transform3D(1, 0, 0, 0, 0, 1, 0, -1, 0, 0, 0, 0)
shape = SubResource("CapsuleShape3D_i3202")
disabled = true
debug_color = Color(1, 0.501961, 0, 0.419608)

[node name="Physical Bone DEF-spine_005" type="PhysicalBone3D" parent="."]
transform = Transform3D(1, -9.57831e-08, -1.05014e-08, -8.31037e-08, -0.802159, -0.597111, 4.87694e-08, 0.597111, -0.802159, 7.70092e-05, 1.7011, 0.0742177)
collision_layer = 8
collision_mask = 8
joint_type = 1
joint_offset = Transform3D(1, 0, 0, 0, 1, 0, 0, 0, 1, -7.70065e-05, -0.000772977, 0.0281501)
body_offset = Transform3D(1, 2.90575e-07, -8.94068e-08, -8.9407e-08, 8.34465e-07, -1, -2.90575e-07, 1, 8.34465e-07, 7.70092e-05, 0.0281501, 0.000772953)
bone_name = "DEF-spine.005"
joint_constraints/bias = 0.3
joint_constraints/damping = 1.0
joint_constraints/impulse_clamp = 0.0

[node name="CollisionShape3D" type="CollisionShape3D" parent="Physical Bone DEF-spine_005"]
transform = Transform3D(1, 0, 0, 0, 0, 1, 0, -1, 0, -7.41043e-10, -0.0146477, -0.0586623)
shape = SubResource("SphereShape3D_0hnkl")
debug_color = Color(1, 0.501961, 0, 0.419608)

[node name="Physical Bone MCH-torso_parent" type="PhysicalBone3D" parent="."]
transform = Transform3D(1, 0, 0, 0, 0, 1, 0, -1, 0, 0, 1.0836, -0.0522279)
collision_layer = 8
collision_mask = 8
joint_type = 1
bone_name = "MCH-torso.parent"
joint_constraints/bias = 0.3
joint_constraints/damping = 1.0
joint_constraints/impulse_clamp = 0.0

[node name="CollisionShape3D" type="CollisionShape3D" parent="Physical Bone MCH-torso_parent"]
transform = Transform3D(1, 0, 0, 0, 0, 1, 0, -1, 0, 0, 0, 0)
shape = SubResource("CapsuleShape3D_lotmf")
disabled = true
debug_color = Color(1, 0.501961, 0, 0.419608)

[node name="Physical Bone torso" type="PhysicalBone3D" parent="."]
transform = Transform3D(-1, 2.6978e-06, -8.51736e-07, 1.47521e-06, 0.24036, -0.970684, -2.41399e-06, -0.970684, -0.24036, 3.33786e-06, 1.18825, -0.0263146)
collision_layer = 8
collision_mask = 8
joint_type = 1
joint_offset = Transform3D(1, 0, 0, 0, 1, 0, 0, 0, 1, 3.24604e-06, 1.45286e-07, 0.10781)
body_offset = Transform3D(-1, 2.6978e-06, -8.51736e-07, 2.41399e-06, 0.970684, 0.24036, 1.47521e-06, 0.24036, -0.970684, 3.33786e-06, -0.0259132, 0.104649)
bone_name = "torso"
joint_constraints/bias = 0.3
joint_constraints/damping = 1.0
joint_constraints/impulse_clamp = 0.0

[node name="CollisionShape3D" type="CollisionShape3D" parent="Physical Bone torso"]
transform = Transform3D(1, 0, 0, 0, 0, 1, 0, -1, 0, 0, 0, 0)
shape = SubResource("CapsuleShape3D_1frm6")
debug_color = Color(1, 0.501961, 0, 0.419608)

[node name="Physical Bone MCH-spine_001" type="PhysicalBone3D" parent="."]
transform = Transform3D(1, 4.69584e-06, 5.12415e-06, -5.12414e-06, -1.80304e-06, 1, 4.69584e-06, -1, -1.80302e-06, 0, 1.2929, -0.000399947)
collision_layer = 8
collision_mask = 8
joint_type = 1
body_offset = Transform3D(1, 4.54484e-06, 5.12415e-06, -4.54485e-06, 1, 1.80302e-06, -5.12414e-06, -1.80304e-06, 1, 0, 0, 0)
bone_name = "MCH-spine.001"
joint_constraints/bias = 0.3
joint_constraints/damping = 1.0
joint_constraints/impulse_clamp = 0.0

[node name="CollisionShape3D" type="CollisionShape3D" parent="Physical Bone MCH-spine_001"]
transform = Transform3D(1, 0, 0, 0, 0, 1, 0, -1, 0, 0, 0, 0)
shape = SubResource("CapsuleShape3D_iklhu")
disabled = true
debug_color = Color(1, 0.501961, 0, 0.419608)

[node name="Physical Bone MCH-spine" type="PhysicalBone3D" parent="."]
transform = Transform3D(1, -6.23864e-07, 9.61125e-07, -9.61124e-07, 1.63234e-06, 1, -6.23866e-07, -1, 1.63234e-06, 0, 1.1573, -0.0332278)
collision_layer = 8
collision_mask = 8
joint_type = 1
body_offset = Transform3D(1, -7.7486e-07, 9.61125e-07, 7.7486e-07, 1, -1.42225e-07, -9.61125e-07, 1.42226e-07, 1, 0, 0, 0)
bone_name = "MCH-spine"
joint_constraints/bias = 0.3
joint_constraints/damping = 1.0
joint_constraints/impulse_clamp = 0.0

[node name="CollisionShape3D" type="CollisionShape3D" parent="Physical Bone MCH-spine"]
transform = Transform3D(1, 0, 0, 0, 0, 1, 0, -1, 0, 0, 0, 0)
shape = SubResource("CapsuleShape3D_gabh2")
disabled = true
debug_color = Color(1, 0.501961, 0, 0.419608)

[node name="Physical Bone tweak_spine" type="PhysicalBone3D" parent="."]
transform = Transform3D(1, -4.51449e-08, -8.66106e-08, 2.20943e-08, 0.968339, -0.249638, 9.51383e-08, 0.249638, 0.968339, 0, 1.0099, -0.0712279)
collision_layer = 8
collision_mask = 8
joint_type = 1
joint_offset = Transform3D(1, 0, 0, 0, 1, 0, 0, 0, 1, -2.13163e-14, 2.62901e-13, -1.19209e-07)
body_offset = Transform3D(1, -7.45016e-09, -1.78814e-07, 7.45056e-09, 1, 2.20537e-06, 1.78814e-07, -2.20537e-06, 1, 0, 0, 1.19209e-07)
bone_name = "tweak_spine"
joint_constraints/bias = 0.3
joint_constraints/damping = 1.0
joint_constraints/impulse_clamp = 0.0

[node name="CollisionShape3D" type="CollisionShape3D" parent="Physical Bone tweak_spine"]
transform = Transform3D(1, 0, 0, 0, 0, 1, 0, -1, 0, 0, 0, 0)
shape = SubResource("CapsuleShape3D_osim7")
disabled = true
debug_color = Color(1, 0.501961, 0, 0.419608)

[node name="Physical Bone ORG-spine" type="PhysicalBone3D" parent="."]
transform = Transform3D(1, -4.16548e-09, -6.82657e-07, -1.66383e-07, 0.968339, -0.249638, 6.62083e-07, 0.249638, 0.968339, 0, 1.0099, -0.071228)
collision_layer = 8
collision_mask = 8
joint_type = 1
body_offset = Transform3D(1, 3.35293e-08, -7.7486e-07, -3.35276e-08, 1, 2.13087e-06, 7.7486e-07, -2.13087e-06, 1, 0, 0, 0)
bone_name = "ORG-spine"
joint_constraints/bias = 0.3
joint_constraints/damping = 1.0
joint_constraints/impulse_clamp = 0.0

[node name="CollisionShape3D" type="CollisionShape3D" parent="Physical Bone ORG-spine"]
transform = Transform3D(1, 0, 0, 0, 0, 1, 0, -1, 0, 0, 0, 0)
shape = SubResource("CapsuleShape3D_bdodu")
disabled = true
debug_color = Color(1, 0.501961, 0, 0.419608)

[node name="Physical Bone ORG-pelvis_L" type="PhysicalBone3D" parent="."]
transform = Transform3D(-0.42175, 0.536321, -0.731086, -0.276836, 0.691637, 0.667083, 0.863417, 0.483734, -0.143225, 0, 1.0099, -0.0712281)
collision_layer = 8
collision_mask = 8
joint_type = 1
body_offset = Transform3D(1, -1.88053e-05, 1.66371e-05, 1.87159e-05, 1, -1.19731e-05, -1.64509e-05, 1.17198e-05, 1, 0, 0, 0)
bone_name = "ORG-pelvis.L"
joint_constraints/bias = 0.3
joint_constraints/damping = 1.0
joint_constraints/impulse_clamp = 0.0

[node name="CollisionShape3D" type="CollisionShape3D" parent="Physical Bone ORG-pelvis_L"]
transform = Transform3D(1, 0, 0, 0, 0, 1, 0, -1, 0, 0, 0, 0)
shape = SubResource("CapsuleShape3D_y2hv4")
disabled = true
debug_color = Color(1, 0.501961, 0, 0.419608)

[node name="Physical Bone ORG-pelvis_R" type="PhysicalBone3D" parent="."]
transform = Transform3D(-0.421773, -0.536321, 0.731073, 0.276838, 0.691624, 0.667096, -0.863405, 0.483751, -0.143234, 0, 1.0099, -0.0712281)
collision_layer = 8
collision_mask = 8
joint_type = 1
body_offset = Transform3D(1, 1.78814e-07, -2.98023e-08, -5.96046e-08, 1, -5.21541e-07, -3.72529e-08, 3.8743e-07, 1, 0, 0, 0)
bone_name = "ORG-pelvis.R"
joint_constraints/bias = 0.3
joint_constraints/damping = 1.0
joint_constraints/impulse_clamp = 0.0

[node name="CollisionShape3D" type="CollisionShape3D" parent="Physical Bone ORG-pelvis_R"]
transform = Transform3D(1, 0, 0, 0, 0, 1, 0, -1, 0, 0, 0, 0)
shape = SubResource("CapsuleShape3D_r3p8w")
disabled = true
debug_color = Color(1, 0.501961, 0, 0.419608)

[node name="Physical Bone ORG-thigh_L" type="PhysicalBone3D" parent="."]
transform = Transform3D(-0.055544, -0.974835, -0.215898, -0.00893257, -0.215738, 0.976411, -0.998416, 0.0561622, 0.00327515, 0.133167, 0.818782, -0.0162423)
collision_layer = 8
collision_mask = 8
joint_type = 1
joint_offset = Transform3D(1, 0, 0, 0, 1, 0, 0, 0, 1, 5.99357e-06, -4.35155e-08, 0.252555)
body_offset = Transform3D(1, 9.96888e-06, -6.73928e-06, -6.75186e-06, 4.80216e-06, -1, -9.93162e-06, 1, 4.89267e-06, -4.29153e-06, 0.252555, -1.19209e-06)
bone_name = "ORG-thigh.L"
joint_constraints/bias = 0.3
joint_constraints/damping = 1.0
joint_constraints/impulse_clamp = 0.0

[node name="CollisionShape3D" type="CollisionShape3D" parent="Physical Bone ORG-thigh_L"]
transform = Transform3D(1, 0, 0, 0, 0, 1, 0, -1, 0, 0, 0, 0)
shape = SubResource("CapsuleShape3D_mvo5w")
debug_color = Color(1, 0.501961, 0, 0.419608)

[node name="Physical Bone ORG-shin_L" type="PhysicalBone3D" parent="."]
transform = Transform3D(-0.0555529, -0.99025, -0.127748, -0.00894199, -0.127447, 0.991805, -0.998416, 0.0562399, -0.00177473, 0.219049, 0.328694, -0.0166489)
collision_layer = 8
collision_mask = 8
joint_type = 1
joint_offset = Transform3D(1, 0, 0, 0, 1, 0, 0, 0, 1, -1.2905e-05, -2.33689e-06, 0.245506)
body_offset = Transform3D(1, -8.97795e-07, 6.09551e-07, 5.98608e-07, -3.64917e-06, -1, 9.27597e-07, 1, -3.59157e-06, 1.27554e-05, 0.245506, 3.21865e-06)
bone_name = "ORG-shin.L"
joint_constraints/bias = 0.3
joint_constraints/damping = 1.0
joint_constraints/impulse_clamp = 0.0

[node name="CollisionShape3D" type="CollisionShape3D" parent="Physical Bone ORG-shin_L"]
transform = Transform3D(1, 0, 0, 0, 0, 1, 0, -1, 0, 0, 0, 0)
shape = SubResource("CapsuleShape3D_bc1im")
debug_color = Color(1, 0.501961, 0, 0.419608)

[node name="Physical Bone ORG-foot_L" type="PhysicalBone3D" parent="."]
transform = Transform3D(0.999999, -0.00117011, -9.59386e-07, -0.000991741, -0.847995, 0.530003, -0.000620976, -0.530003, -0.847996, 0.250161, 0.0509443, 0.0386089)
collision_layer = 8
collision_mask = 8
joint_type = 1
joint_offset = Transform3D(1, 0, 0, 0, 1, 0, 0, 0, 1, 0.000255696, 3.27357e-07, 0.064634)
body_offset = Transform3D(1, 9.51695e-09, 1.1595e-07, 1.0262e-07, -4.11272e-06, -1, -1.82481e-08, 1, -4.14252e-06, -0.000255704, 0.064634, -5.96046e-08)
bone_name = "ORG-foot.L"
joint_constraints/bias = 0.3
joint_constraints/damping = 1.0
joint_constraints/impulse_clamp = 0.0

[node name="CollisionShape3D" type="CollisionShape3D" parent="Physical Bone ORG-foot_L"]
transform = Transform3D(1, 3.49828e-08, 2.44327e-08, 1.45519e-10, -0.262426, 0.96496, -2.32831e-10, -0.964954, -0.262428, 0.0224836, 0.0145172, -0.0661734)
shape = SubResource("BoxShape3D_y58p4")
debug_color = Color(1, 0.501961, 0, 0.419608)

[node name="Physical Bone MCH-foot_tweak_L" type="PhysicalBone3D" parent="."]
transform = Transform3D(0.999999, 1.06111e-06, -0.00117243, -0.000993654, -0.530001, -0.847997, -0.000622288, 0.847997, -0.53, 0.262397, 0.0854416, -0.0162449)
collision_layer = 8
collision_mask = 8
joint_type = 1
joint_offset = Transform3D(1, 0, 0, 0, 1, 0, 0, 0, 1, -0.0119797, 0.000165463, 0.000195632)
body_offset = Transform3D(1, -1.01863e-08, -7.97445e-07, -3.25963e-09, 1, -1.19209e-06, 7.88656e-07, 1.2517e-06, 1, 0.0119797, -0.000165462, -0.000195622)
bone_name = "MCH-foot_tweak.L"
joint_constraints/bias = 0.3
joint_constraints/damping = 1.0
joint_constraints/impulse_clamp = 0.0

[node name="CollisionShape3D" type="CollisionShape3D" parent="Physical Bone MCH-foot_tweak_L"]
transform = Transform3D(1, 0, 0, 0, 0, 1, 0, -1, 0, 0, 0, 0)
shape = SubResource("CapsuleShape3D_wdjcx")
disabled = true
debug_color = Color(1, 0.501961, 0, 0.419608)

[node name="Physical Bone MCH-shin_tweak_L" type="PhysicalBone3D" parent="."]
transform = Transform3D(-0.0555509, 0.127745, -0.99025, -0.00894067, -0.991805, -0.127444, -0.998416, 0.00177384, 0.0562378, 0.187689, 0.572189, -0.0170718)
collision_layer = 8
collision_mask = 8
joint_type = 1
body_offset = Transform3D(1, 4.58094e-07, 1.14366e-06, -4.68455e-07, 1, -6.69234e-06, -1.12131e-06, 6.62614e-06, 1, 0, 0, 0)
bone_name = "MCH-shin_tweak.L"
joint_constraints/bias = 0.3
joint_constraints/damping = 1.0
joint_constraints/impulse_clamp = 0.0

[node name="CollisionShape3D" type="CollisionShape3D" parent="Physical Bone MCH-shin_tweak_L"]
transform = Transform3D(1, 0, 0, 0, 0, 1, 0, -1, 0, 0, 0, 0)
shape = SubResource("SphereShape3D_b4805")
debug_color = Color(1, 0.501961, 0, 0.419608)

[node name="Physical Bone MCH-shin_tweak_L_001" type="PhysicalBone3D" parent="."]
transform = Transform3D(0.61294, 0.127752, -0.779733, 0.0775438, -0.991805, -0.101542, -0.786315, 0.00177547, -0.617823, 0.219053, 0.328694, -0.0166363)
collision_layer = 8
collision_mask = 8
joint_type = 1
body_offset = Transform3D(1, -9.18051e-07, 2.11596e-06, 9.48668e-07, 1, 8.01403e-07, -2.35438e-06, -8.3691e-07, 1, 0, 0, 0)
bone_name = "MCH-shin_tweak.L.001"
joint_constraints/bias = 0.3
joint_constraints/damping = 1.0
joint_constraints/impulse_clamp = 0.0

[node name="CollisionShape3D" type="CollisionShape3D" parent="Physical Bone MCH-shin_tweak_L_001"]
transform = Transform3D(1, 0, 0, 0, 0, 1, 0, -1, 0, 0, 0, 0)
shape = SubResource("CapsuleShape3D_ojc03")
disabled = true
debug_color = Color(1, 0.501961, 0, 0.419608)

[node name="Physical Bone MCH-thigh_tweak_L_001" type="PhysicalBone3D" parent="."]
transform = Transform3D(-0.0555511, 0.215896, -0.974835, -0.00893956, -0.976411, -0.215736, -0.998416, -0.00326977, 0.0561707, 0.133165, 0.818784, -0.0162464)
collision_layer = 8
collision_mask = 8
joint_type = 1
body_offset = Transform3D(1, 1.46567e-06, 1.28523e-06, -1.47941e-06, 1, 2.74814e-06, -1.25542e-06, -2.81633e-06, 1, 0, 0, 0)
bone_name = "MCH-thigh_tweak.L.001"
joint_constraints/bias = 0.3
joint_constraints/damping = 1.0
joint_constraints/impulse_clamp = 0.0

[node name="CollisionShape3D" type="CollisionShape3D" parent="Physical Bone MCH-thigh_tweak_L_001"]
transform = Transform3D(1, 0, 0, 0, 0, 1, 0, -1, 0, 0, 0, 0)
shape = SubResource("CapsuleShape3D_3nm71")
disabled = true
debug_color = Color(1, 0.501961, 0, 0.419608)

[node name="Physical Bone ORG-thigh_R" type="PhysicalBone3D" parent="."]
transform = Transform3D(-0.0555522, 0.974835, 0.215893, 0.00894235, -0.215733, 0.976412, 0.998416, 0.0561724, 0.00326711, -0.127416, 0.803719, -0.0118394)
collision_layer = 8
collision_mask = 8
joint_type = 1
joint_offset = Transform3D(1, 0, 0, 0, 1, 0, 0, 0, 1, -0.00394568, -0.00910161, 0.266007)
body_offset = Transform3D(1, 3.53903e-07, -1.00816e-06, -9.87202e-07, -1.26689e-07, -1, -3.72529e-07, 1, -7.92934e-08, 0.00394595, 0.266007, 0.00910163)
bone_name = "ORG-thigh.R"
joint_constraints/bias = 0.3
joint_constraints/damping = 1.0
joint_constraints/impulse_clamp = 0.0

[node name="CollisionShape3D" type="CollisionShape3D" parent="Physical Bone ORG-thigh_R"]
transform = Transform3D(1, 0, 0, 0, 0, 1, 0, -1, 0, 0, 0, 0)
shape = SubResource("CapsuleShape3D_ky35v")
debug_color = Color(1, 0.501961, 0, 0.419608)

[node name="Physical Bone ORG-shin_R" type="PhysicalBone3D" parent="."]
transform = Transform3D(-0.055861, 0.990246, 0.127639, 0.0078419, -0.1274, 0.991821, 0.998408, 0.056405, -0.000648742, -0.219101, 0.328555, -0.0166012)
collision_layer = 8
collision_mask = 8
joint_type = 1
joint_offset = Transform3D(1, 0, 0, 0, 1, 0, 0, 0, 1, -0.000313908, 4.02835e-05, 0.245651)
body_offset = Transform3D(0.999999, 0.000166234, 0.00112982, 0.00112985, -4.95593e-05, -0.999999, -0.0001662, 1, -4.96732e-05, 3.63588e-05, 0.245651, -2.81334e-05)
bone_name = "ORG-shin.R"
joint_constraints/bias = 0.3
joint_constraints/damping = 1.0
joint_constraints/impulse_clamp = 0.0

[node name="CollisionShape3D" type="CollisionShape3D" parent="Physical Bone ORG-shin_R"]
transform = Transform3D(1, 0, 0, 0, 0, 1, 0, -1, 0, 0, 0, 0)
shape = SubResource("CapsuleShape3D_ud16k")
debug_color = Color(1, 0.501961, 0, 0.419608)

[node name="Physical Bone ORG-foot_R" type="PhysicalBone3D" parent="."]
transform = Transform3D(0.999999, 0.00118745, 2.54968e-07, 0.00100682, -0.847999, 0.529997, 0.00062956, -0.529997, -0.847999, -0.209436, 0.05094, 0.0386012)
collision_layer = 8
collision_mask = 8
joint_type = 1
joint_offset = Transform3D(1, 0, 0, 0, 1, 0, 0, 0, 1, -0.0409807, -5.62275e-05, 0.0646295)
body_offset = Transform3D(1, 1.7908e-05, 2.007e-07, 1.78639e-07, 1.93715e-06, -1, -1.78511e-05, 1, 1.90735e-06, 0.0409807, 0.0646296, 5.53727e-05)
bone_name = "ORG-foot.R"
joint_constraints/bias = 0.3
joint_constraints/damping = 1.0
joint_constraints/impulse_clamp = 0.0

[node name="CollisionShape3D" type="CollisionShape3D" parent="Physical Bone ORG-foot_R"]
transform = Transform3D(1, 0, 0, 0, -0.245155, 0.969484, 0, -0.969484, -0.245155, -0.0611432, 0.0160259, -0.0542154)
shape = SubResource("BoxShape3D_y58p4")
debug_color = Color(1, 0.501961, 0, 0.419608)

[node name="Physical Bone MCH-foot_tweak_R" type="PhysicalBone3D" parent="."]
transform = Transform3D(0.999999, -1.00726e-07, 0.00114663, 0.000972286, -0.529999, -0.847998, 0.000607798, 0.847998, -0.529999, -0.250416, 0.0852, -0.0162005)
collision_layer = 8
collision_mask = 8
joint_type = 1
joint_offset = Transform3D(1, 0, 0, 0, 1, 0, 0, 0, 1, -7.15253e-07, -1.19209e-07, 1.19225e-07)
body_offset = Transform3D(1, -1.91503e-08, -2.22388e-05, -2.67755e-09, 1, -1.78814e-07, 2.22957e-05, 2.08616e-07, 1, 7.15256e-07, 1.19209e-07, -1.19209e-07)
bone_name = "MCH-foot_tweak.R"
joint_constraints/bias = 0.3
joint_constraints/damping = 1.0
joint_constraints/impulse_clamp = 0.0

[node name="CollisionShape3D" type="CollisionShape3D" parent="Physical Bone MCH-foot_tweak_R"]
transform = Transform3D(1, 0, 0, 0, 0, 1, 0, -1, 0, 0, 0, 0)
shape = SubResource("CapsuleShape3D_20jk3")
disabled = true
debug_color = Color(1, 0.501961, 0, 0.419608)

[node name="Physical Bone MCH-shin_tweak_R" type="PhysicalBone3D" parent="."]
transform = Transform3D(-0.0555515, -0.127753, 0.990249, 0.00894397, -0.991805, -0.127452, 0.998416, 0.00177663, 0.0562389, -0.187689, 0.572189, -0.0170717)
collision_layer = 8
collision_mask = 8
joint_type = 1
body_offset = Transform3D(1, 2.71213e-06, -2.16067e-07, -2.69187e-06, 1, 1.06366e-06, 1.93715e-07, -1.14252e-06, 1, 0, 0, 0)
bone_name = "MCH-shin_tweak.R"
joint_constraints/bias = 0.3
joint_constraints/damping = 1.0
joint_constraints/impulse_clamp = 0.0

[node name="CollisionShape3D" type="CollisionShape3D" parent="Physical Bone MCH-shin_tweak_R"]
transform = Transform3D(1, 0, 0, 0, 0, 1, 0, -1, 0, 0, 0, 0)
shape = SubResource("SphereShape3D_b4805")
debug_color = Color(1, 0.501961, 0, 0.419608)

[node name="Physical Bone MCH-shin_tweak_R_001" type="PhysicalBone3D" parent="."]
transform = Transform3D(0.612941, -0.127752, 0.779732, -0.0775446, -0.991805, -0.101541, 0.786314, 0.00177464, -0.617824, -0.219053, 0.328694, -0.0166357)
collision_layer = 8
collision_mask = 8
joint_type = 1
joint_offset = Transform3D(1, 0, 0, 0, 1, 0, 0, 0, 1, -4.76837e-07, 1.4901e-08, 2.38419e-07)
body_offset = Transform3D(1, -7.71834e-08, -1.3411e-06, 7.13626e-08, 1, 1.02096e-06, 1.51992e-06, -1.07684e-06, 1, 4.76837e-07, -1.49012e-08, -2.38419e-07)
bone_name = "MCH-shin_tweak.R.001"
joint_constraints/bias = 0.3
joint_constraints/damping = 1.0
joint_constraints/impulse_clamp = 0.0

[node name="CollisionShape3D" type="CollisionShape3D" parent="Physical Bone MCH-shin_tweak_R_001"]
transform = Transform3D(1, 0, 0, 0, 0, 1, 0, -1, 0, 0, 0, 0)
shape = SubResource("CapsuleShape3D_dqgx4")
disabled = true
debug_color = Color(1, 0.501961, 0, 0.419608)

[node name="Physical Bone MCH-thigh_tweak_R_001" type="PhysicalBone3D" parent="."]
transform = Transform3D(-0.0555582, -0.2159, 0.974834, 0.00894672, -0.97641, -0.215739, 0.998415, -0.00326451, 0.0561792, -0.133165, 0.818784, -0.0162463)
collision_layer = 8
collision_mask = 8
joint_type = 1
body_offset = Transform3D(1, 3.82983e-06, 6.43358e-06, -3.80911e-06, 1, 6.1771e-06, -6.45593e-06, -6.22912e-06, 1, 0, 0, 0)
bone_name = "MCH-thigh_tweak.R.001"
joint_constraints/bias = 0.3
joint_constraints/damping = 1.0
joint_constraints/impulse_clamp = 0.0

[node name="CollisionShape3D" type="CollisionShape3D" parent="Physical Bone MCH-thigh_tweak_R_001"]
transform = Transform3D(1, 0, 0, 0, 0, 1, 0, -1, 0, 0, 0, 0)
shape = SubResource("CapsuleShape3D_h7w6f")
disabled = true
debug_color = Color(1, 0.501961, 0, 0.419608)

[node name="Physical Bone MCH-thigh_parent_L" type="PhysicalBone3D" parent="."]
transform = Transform3D(1, -1.07068e-05, -3.49805e-06, 3.49807e-06, 1.89245e-06, 1, -1.07068e-05, -1, 1.89248e-06, 0.0786349, 1.06538, -0.0154215)
collision_layer = 8
collision_mask = 8
joint_type = 1
joint_offset = Transform3D(1, 0, 0, 0, 1, 0, 0, 0, 1, 5.36441e-06, -4.76896e-07, -1.19228e-07)
body_offset = Transform3D(1, -1.08629e-05, -3.49805e-06, 1.08629e-05, 1, -3.87468e-07, 3.49805e-06, 3.8743e-07, 1, -5.36442e-06, 4.76837e-07, 1.19209e-07)
bone_name = "MCH-thigh_parent.L"
joint_constraints/bias = 0.3
joint_constraints/damping = 1.0
joint_constraints/impulse_clamp = 0.0

[node name="CollisionShape3D" type="CollisionShape3D" parent="Physical Bone MCH-thigh_parent_L"]
transform = Transform3D(1, 0, 0, 0, 0, 1, 0, -1, 0, 0, 0, 0)
shape = SubResource("CapsuleShape3D_18fw0")
disabled = true
debug_color = Color(1, 0.501961, 0, 0.419608)

[node name="Physical Bone MCH-thigh_tweak_L" type="PhysicalBone3D" parent="."]
transform = Transform3D(-0.0555523, 0.215895, -0.974835, -0.00894219, -0.976411, -0.215735, -0.998416, -0.0032674, 0.0561724, 0.0786402, 1.06538, -0.0154212)
collision_layer = 8
collision_mask = 8
joint_type = 1
joint_offset = Transform3D(1, 0, 0, 0, 1, 0, 0, 0, 1, -1.19209e-07, 8.72635e-14, 2.66455e-14)
body_offset = Transform3D(1, -7.34348e-07, -1.86265e-07, 7.3202e-07, 1, 2.04887e-06, 2.23517e-07, -2.13286e-06, 1, 1.19209e-07, 0, 0)
bone_name = "MCH-thigh_tweak.L"
joint_constraints/bias = 0.3
joint_constraints/damping = 1.0
joint_constraints/impulse_clamp = 0.0

[node name="CollisionShape3D" type="CollisionShape3D" parent="Physical Bone MCH-thigh_tweak_L"]
transform = Transform3D(1, 0, 0, 0, 0, 1, 0, -1, 0, 0, 0, 0)
shape = SubResource("CapsuleShape3D_bmnag")
disabled = true
debug_color = Color(1, 0.501961, 0, 0.419608)

[node name="Physical Bone DEF-thigh_L" type="PhysicalBone3D" parent="."]
transform = Transform3D(-0.0555526, -0.974837, -0.215888, -0.00894319, -0.215727, 0.976413, -0.998416, 0.056173, 0.00326607, 0.105904, 0.942087, -0.015837)
collision_layer = 8
collision_mask = 8
joint_type = 1
joint_offset = Transform3D(1, 0, 0, 0, 1, 0, 0, 0, 1, -3.32179e-06, 3.22196e-06, 0.126272)
body_offset = Transform3D(1, -7.82311e-07, 1.7609e-06, 1.74833e-06, -5.78306e-06, -1, 8.15839e-07, 1, -5.6906e-06, 3.09944e-06, 0.126272, -2.5034e-06)
bone_name = "DEF-thigh.L"
joint_constraints/bias = 0.3
joint_constraints/damping = 1.0
joint_constraints/impulse_clamp = 0.0

[node name="CollisionShape3D" type="CollisionShape3D" parent="Physical Bone DEF-thigh_L"]
transform = Transform3D(1, 0, 0, 0, 0, 1, 0, -1, 0, 0, 0, 0)
shape = SubResource("CapsuleShape3D_wk8da")
debug_color = Color(1, 0.501961, 0, 0.419608)

[node name="Physical Bone DEF-thigh_L_001" type="PhysicalBone3D" parent="."]
transform = Transform3D(-0.0555682, -0.974835, -0.21589, -0.00894587, -0.21573, 0.976412, -0.998415, 0.0561888, 0.00326695, 0.160435, 0.695487, -0.0164818)
collision_layer = 8
collision_mask = 8
joint_type = 1
joint_offset = Transform3D(1, 0, 0, 0, 1, 0, 0, 0, 1, 0.000177374, -1.36848e-06, 0.126276)
body_offset = Transform3D(1, -1.6626e-05, 1.0212e-06, 1.00769e-06, -3.42085e-06, -1, 1.66558e-05, 1, -3.34677e-06, -0.000177503, 0.126276, 1.78814e-06)
bone_name = "DEF-thigh.L.001"
joint_constraints/bias = 0.3
joint_constraints/damping = 1.0
joint_constraints/impulse_clamp = 0.0

[node name="CollisionShape3D" type="CollisionShape3D" parent="Physical Bone DEF-thigh_L_001"]
transform = Transform3D(1, 0, 0, 0, 0, 1, 0, -1, 0, 0, 0, 0)
shape = SubResource("CapsuleShape3D_io1n3")
disabled = true
debug_color = Color(1, 0.501961, 0, 0.419608)

[node name="Physical Bone DEF-shin_L" type="PhysicalBone3D" parent="."]
transform = Transform3D(-0.0560059, -0.990277, -0.127337, -0.00874175, -0.127046, 0.991858, -0.998392, 0.0566631, -0.00154144, 0.203346, 0.450435, -0.016855)
collision_layer = 8
collision_mask = 8
joint_type = 1
joint_offset = Transform3D(1, 0, 0, 0, 1, 0, 0, 0, 1, 2.90083e-05, 2.36748e-05, 0.122755)
body_offset = Transform3D(1, -0.000425339, -0.00025565, -0.000255832, -0.000404603, -1, 0.000425261, 1, -0.000404665, 2.38419e-06, 0.122756, 2.59876e-05)
bone_name = "DEF-shin.L"
joint_constraints/bias = 0.3
joint_constraints/damping = 1.0
joint_constraints/impulse_clamp = 0.0

[node name="CollisionShape3D" type="CollisionShape3D" parent="Physical Bone DEF-shin_L"]
transform = Transform3D(1, 0, 0, 0, 0, 1, 0, -1, 0, 0, 0, 0)
shape = SubResource("CapsuleShape3D_cu4mw")
disabled = true
debug_color = Color(1, 0.501961, 0, 0.419608)

[node name="Physical Bone DEF-shin_L_001" type="PhysicalBone3D" parent="."]
transform = Transform3D(-0.055554, -0.990249, -0.127752, -0.00894126, -0.127451, 0.991804, -0.998416, 0.056241, -0.00177363, 0.234796, 0.206748, -0.0162128)
collision_layer = 8
collision_mask = 8
joint_type = 1
joint_offset = Transform3D(1, 0, 0, 0, 1, 0, 0, 0, 1, 0.000206988, 2.30444e-05, 0.122958)
body_offset = Transform3D(1, 2.68221e-07, -3.30852e-07, -3.40398e-07, 5.88778e-07, -1, -2.49594e-07, 1, 6.68675e-07, -0.000206947, 0.122958, -2.31266e-05)
bone_name = "DEF-shin.L.001"
joint_constraints/bias = 0.3
joint_constraints/damping = 1.0
joint_constraints/impulse_clamp = 0.0

[node name="CollisionShape3D" type="CollisionShape3D" parent="Physical Bone DEF-shin_L_001"]
transform = Transform3D(1, 0, 0, 0, 0, 1, 0, -1, 0, 0, 0, 0)
shape = SubResource("CapsuleShape3D_5c830")
disabled = true
debug_color = Color(1, 0.501961, 0, 0.419608)

[node name="Physical Bone DEF-foot_L" type="PhysicalBone3D" parent="."]
transform = Transform3D(0.999999, -0.00117602, -4.33021e-06, -0.00099481, -0.847861, 0.530218, -0.000627221, -0.530218, -0.847861, 0.313973, 0.0507882, 0.0387087)
collision_layer = 8
collision_mask = 8
joint_type = 1
joint_offset = Transform3D(1, 0, 0, 0, 1, 0, 0, 0, 1, -0.0635553, 1.35978e-05, 0.0648008)
body_offset = Transform3D(1, -3.8229e-06, -3.03762e-06, -2.89711e-06, -0.000256658, -1, 3.96426e-06, 1, -0.000257462, 0.0635555, 0.0648006, 3.33786e-06)
bone_name = "DEF-foot.L"
joint_constraints/bias = 0.3
joint_constraints/damping = 1.0
joint_constraints/impulse_clamp = 0.0

[node name="CollisionShape3D" type="CollisionShape3D" parent="Physical Bone DEF-foot_L"]
